antecedent	consequent	count	mean_confidence	max_confidence	mean_lift	max_lift
v@IPR007706	h@GO0005737	2	0.717	0.7264	0.3259	0.3532
v@GO0000988	h@GO0006807	6	0.7147	0.7195	0.3717	0.3784
v@GO0001071	h@GO0006807	23	0.7469	0.7723	0.3881	0.4062
v@GO0019042	h@GO0006807	11	0.7263	0.7329	0.3797	0.3855
v@GO0019079	h@GO0006807	14	0.7421	0.7966	0.3828	0.419
v@GO0019083	h@GO0006807	15	0.7248	0.7361	0.3765	0.3871
v@GO0019222	h@GO0006807	27	0.7252	0.7657	0.3805	0.4027
v@GO0044094	h@GO0006807	29	0.7415	0.8197	0.3875	0.4311
v@GO0048518	h@GO0006807	15	0.7268	0.7723	0.3817	0.4062
v@GO0065009	h@GO0006807	16	0.7275	0.7672	0.3826	0.4035
v@IPR000427	h@GO0006807	16	0.7357	0.7578	0.3802	0.3985
v@IPR004186	h@GO0006807	16	0.7357	0.7578	0.3802	0.3985
v@IPR005030	h@GO0006807	8	0.7216	0.7343	0.3764	0.3862
v@IPR010881	h@GO0006807	11	0.7263	0.7329	0.3797	0.3855
v@IPR020124	h@GO0006807	11	0.7776	0.8176	0.339	0.43
v@GO0032879	h@GO0016020	20	0.8478	0.8834	0.4837	0.5239
v@GO0033644	h@GO0016020	19	0.8044	0.9088	0.477	0.5389
v@GO0033655	h@GO0016020	21	0.8251	0.9088	0.4893	0.5389
v@GO0044217	h@GO0016020	19	0.8044	0.9088	0.477	0.5389
v@GO0044425	h@GO0016020	18	0.7963	0.9018	0.4722	0.5348
v@GO0048583	h@GO0016020	12	0.8456	0.9452	0.5014	0.5605
v@IPR002475	h@GO0016020	13	0.8629	0.9452	0.4823	0.5605
v@IPR004289	h@GO0016020	1	0.7512	0.7512	0.4455	0.4455
v@IPR007619	h@GO0016020	5	0.8056	0.8418	0.465	0.4992
v@IPR010677	h@GO0016020	2	0.7904	0.8529	0.38	0.5058
v@IPR020726	h@GO0016020	9	0.8509	0.9452	0.4616	0.5605
v@IPR026298	h@GO0016020	13	0.889	0.9452	0.5171	0.5605
h@GO0019083	v@GO0019222	20	0.787	0.8487	0.1909	0.2083
h@GO0019083	v@GO0033647	21	0.856	0.9474	0.4021	0.4671
h@GO0019083	v@GO0050794	21	0.8065	0.8816	0.2616	0.2928
v@GO0001071	h@GO0019222	20	0.7447	0.766	0.3582	0.3723
v@IPR000427	h@GO0019222	12	0.7351	0.7453	0.3534	0.3622
v@IPR004186	h@GO0019222	12	0.7351	0.7453	0.3534	0.3622
v@IPR007706	h@GO0019222	10	0.7529	0.7629	0.3609	0.3708
v@IPR020124	h@GO0019222	4	0.7111	0.723	0.2638	0.3514
v@GO0000988	h@GO0032991	3	0.7069	0.7114	0.3261	0.3282
v@IPR005030	h@GO0032991	5	0.7091	0.7269	0.3271	0.3353
v@IPR020124	h@GO0032991	12	0.7827	0.8716	0.2695	0.4021
v@GO0000988	h@GO0043227	5	0.8601	0.8902	0.6619	0.72
v@GO0001071	h@GO0043227	25	0.8363	0.8911	0.6257	0.7207
v@GO0002682	h@GO0043227	37	0.8453	0.898	0.6795	0.7263
v@GO0003824	h@GO0043227	24	0.739	0.7963	0.5977	0.644
v@GO0006807	h@GO0043227	31	0.8194	0.9381	0.6577	0.7588
v@GO0009058	h@GO0043227	28	0.8474	0.9381	0.6798	0.7588
v@GO0009605	h@GO0043227	31	0.8421	0.898	0.6795	0.7263
v@GO0009607	h@GO0043227	31	0.8421	0.898	0.6795	0.7263
v@GO0016020	h@GO0043227	24	0.8002	0.8517	0.6472	0.6889
v@GO0016043	h@GO0043227	11	0.7887	0.8864	0.6379	0.7169
v@GO0019033	h@GO0043227	27	0.758	0.8544	0.6131	0.6911
v@GO0019042	h@GO0043227	13	0.8461	0.8944	0.6314	0.7234
v@GO0019046	h@GO0043227	6	0.8027	0.8636	0.6492	0.6985
v@GO0019048	h@GO0043227	36	0.844	0.9159	0.6813	0.7408
v@GO0019079	h@GO0043227	17	0.81	0.9375	0.583	0.7582
v@GO0019083	h@GO0043227	15	0.8481	0.8912	0.646	0.7208
v@GO0019222	h@GO0043227	40	0.8589	0.9381	0.6905	0.7588
v@GO0023051	h@GO0043227	30	0.8464	0.9104	0.6829	0.7364
v@GO0030430	h@GO0043227	38	0.841	0.9104	0.6789	0.7364
v@GO0032879	h@GO0043227	20	0.8303	0.8528	0.6462	0.6897
v@GO0033644	h@GO0043227	25	0.8077	0.8585	0.6533	0.6943
v@GO0033647	h@GO0043227	51	0.8187	0.8946	0.6612	0.7236
v@GO0033655	h@GO0043227	29	0.8268	0.8917	0.6672	0.7212
v@GO0036094	h@GO0043227	10	0.7195	0.7643	0.582	0.6182
v@GO0043167	h@GO0043227	29	0.7771	0.9375	0.6285	0.7582
v@GO0043900	h@GO0043227	4	0.9339	0.9524	0.7076	0.7703
v@GO0044094	h@GO0043227	29	0.8791	0.918	0.6902	0.7425
v@GO0044217	h@GO0043227	25	0.8077	0.8585	0.6533	0.6943
v@GO0044237	h@GO0043227	31	0.8247	0.9381	0.662	0.7588
v@GO0044238	h@GO0043227	31	0.8194	0.9381	0.6577	0.7588
v@GO0044419	h@GO0043227	41	0.8343	0.9003	0.6736	0.7282
v@GO0044425	h@GO0043227	22	0.8099	0.8509	0.6551	0.6882
v@GO0046755	h@GO0043227	10	0.7224	0.7282	0.5843	0.589
v@GO0046794	h@GO0043227	5	0.7336	0.75	0.5934	0.6066
v@GO0048518	h@GO0043227	26	0.8464	0.8911	0.6783	0.7207
v@GO0048519	h@GO0043227	39	0.8497	0.9049	0.686	0.7319
v@GO0048583	h@GO0043227	38	0.8513	0.898	0.6872	0.7263
v@GO0050690	h@GO0043227	31	0.8421	0.898	0.6795	0.7263
v@GO0050794	h@GO0043227	39	0.8511	0.95	0.6843	0.7684
v@GO0051234	h@GO0043227	5	0.7381	0.75	0.597	0.6066
v@GO0051641	h@GO0043227	9	0.7257	0.7383	0.587	0.5971
v@GO0051707	h@GO0043227	31	0.8421	0.898	0.6795	0.7263
v@GO0065009	h@GO0043227	37	0.8538	0.9002	0.6862	0.7281
v@GO0071704	h@GO0043227	31	0.8194	0.9381	0.6577	0.7588
v@GO0097159	h@GO0043227	31	0.8365	0.918	0.6715	0.7425
v@GO0097367	h@GO0043227	8	0.7263	0.7692	0.5874	0.6222
v@GO1901363	h@GO0043227	31	0.8365	0.918	0.6715	0.7425
v@GO1902579	h@GO0043227	5	0.7336	0.75	0.5934	0.6066
v@IPR000427	h@GO0043227	15	0.8434	0.882	0.6414	0.7134
v@IPR000635	h@GO0043227	1	0.9048	0.9048	0.7318	0.7318
v@IPR002475	h@GO0043227	12	0.8333	0.8699	0.64	0.7035
v@IPR004186	h@GO0043227	15	0.8434	0.882	0.6414	0.7134
v@IPR004289	h@GO0043227	3	0.7692	0.8357	0.5653	0.6759
v@IPR004290	h@GO0043227	3	0.7817	0.825	0.5738	0.6673
v@IPR005030	h@GO0043227	10	0.8284	0.9133	0.5825	0.7387
v@IPR006772	h@GO0043227	3	0.8118	0.8471	0.596	0.6851
v@IPR006928	h@GO0043227	4	0.7337	0.7358	0.5934	0.5952
v@IPR007619	h@GO0043227	7	0.8149	0.8544	0.618	0.6911
v@IPR007706	h@GO0043227	15	0.8573	0.9381	0.6093	0.7588
v@IPR010077	h@GO0043227	2	0.8445	0.8539	0.6831	0.6907
v@IPR010677	h@GO0043227	1	0.7647	0.7647	0.6185	0.6185
v@IPR010881	h@GO0043227	13	0.8461	0.8944	0.6314	0.7234
v@IPR010918	h@GO0043227	2	0.8445	0.8539	0.6831	0.6907
v@IPR013672	h@GO0043227	3	0.7293	0.74	0.5899	0.5985
v@IPR016188	h@GO0043227	2	0.8445	0.8539	0.6831	0.6907
v@IPR020124	h@GO0043227	12	0.7917	0.9122	0.4208	0.7378
v@IPR020726	h@GO0043227	8	0.8289	0.8699	0.6189	0.7035
v@IPR021152	h@GO0043227	1	0.7035	0.7035	0.569	0.569
v@IPR024346	h@GO0043227	2	0.8445	0.8539	0.6831	0.6907
v@IPR026298	h@GO0043227	14	0.835	0.8699	0.6465	0.7035
v@IPR029062	h@GO0043227	2	0.8445	0.8539	0.6831	0.6907
v@IPR034702	h@GO0043227	1	0.7358	0.7358	0.5952	0.5952
v@IPR020124	h@GO0043228	6	0.7658	0.7973	0.1634	0.2187
v@GO0000988	h@GO0043229	9	0.8183	0.935	0.5421	0.7293
v@GO0001071	h@GO0043229	26	0.8581	0.9208	0.6146	0.7182
v@GO0002682	h@GO0043229	37	0.83	0.9257	0.6444	0.722
v@GO0006807	h@GO0043229	30	0.8101	0.9175	0.6282	0.7157
v@GO0009058	h@GO0043229	29	0.8384	0.9175	0.65	0.7157
v@GO0009605	h@GO0043229	32	0.8245	0.9222	0.6397	0.7193
v@GO0009607	h@GO0043229	32	0.8245	0.9222	0.6397	0.7193
v@GO0016020	h@GO0043229	21	0.7521	0.8042	0.5867	0.6273
v@GO0019033	h@GO0043229	27	0.7431	0.8165	0.5796	0.6368
v@GO0019042	h@GO0043229	10	0.7845	0.795	0.5984	0.6201
v@GO0019046	h@GO0043229	6	0.8204	0.875	0.6399	0.6825
v@GO0019048	h@GO0043229	35	0.8172	0.9167	0.6367	0.715
v@GO0019079	h@GO0043229	17	0.7987	0.9375	0.5564	0.7313
v@GO0019083	h@GO0043229	17	0.8505	0.9325	0.6053	0.7274
v@GO0019222	h@GO0043229	39	0.8455	0.9175	0.6565	0.7157
v@GO0023051	h@GO0043229	30	0.8037	0.9502	0.626	0.7412
v@GO0030430	h@GO0043229	37	0.8219	0.9591	0.6404	0.7481
v@GO0032879	h@GO0043229	19	0.7973	0.8104	0.6037	0.6321
v@GO0033644	h@GO0043229	22	0.7581	0.805	0.5914	0.6279
v@GO0033647	h@GO0043229	43	0.8011	0.9062	0.6242	0.7069
v@GO0033655	h@GO0043229	29	0.7643	0.8165	0.5953	0.6368
v@GO0043167	h@GO0043229	26	0.755	0.9375	0.5889	0.7313
v@GO0043900	h@GO0043229	5	0.9306	0.9643	0.647	0.7522
v@GO0044094	h@GO0043229	31	0.8799	0.9617	0.6542	0.7502
v@GO0044217	h@GO0043229	22	0.7581	0.805	0.5914	0.6279
v@GO0044237	h@GO0043229	30	0.8158	0.9175	0.6325	0.7157
v@GO0044238	h@GO0043229	30	0.8101	0.9175	0.6282	0.7157
v@GO0044419	h@GO0043229	38	0.8203	0.9325	0.6392	0.7274
v@GO0044425	h@GO0043229	22	0.7494	0.8031	0.5845	0.6264
v@GO0048518	h@GO0043229	26	0.857	0.9208	0.6639	0.7182
v@GO0048519	h@GO0043229	39	0.8297	0.9267	0.6465	0.7228
v@GO0048583	h@GO0043229	39	0.8249	0.9257	0.6406	0.722
v@GO0050690	h@GO0043229	32	0.8245	0.9222	0.6397	0.7193
v@GO0050794	h@GO0043229	39	0.8293	0.9625	0.6439	0.7508
v@GO0051234	h@GO0043229	2	0.7109	0.7212	0.5545	0.5625
v@GO0051707	h@GO0043229	32	0.8245	0.9222	0.6397	0.7193
v@GO0065009	h@GO0043229	37	0.8293	0.9167	0.6438	0.715
v@GO0071704	h@GO0043229	30	0.8101	0.9175	0.6282	0.7157
v@GO0097159	h@GO0043229	31	0.8484	0.9617	0.6581	0.7502
v@GO0097367	h@GO0043229	9	0.7179	0.7436	0.56	0.58
v@GO1901363	h@GO0043229	31	0.8484	0.9617	0.6581	0.7502
v@IPR000427	h@GO0043229	19	0.844	0.9193	0.5874	0.717
v@IPR001889	h@GO0043229	3	0.7601	0.7723	0.5929	0.6024
v@IPR002475	h@GO0043229	12	0.7659	0.7877	0.5691	0.6144
v@IPR004186	h@GO0043229	19	0.844	0.9193	0.5874	0.717
v@IPR004289	h@GO0043229	3	0.7394	0.7793	0.5333	0.6079
v@IPR004290	h@GO0043229	3	0.7717	0.81	0.5564	0.6318
v@IPR005030	h@GO0043229	13	0.821	0.9336	0.5317	0.7282
v@IPR006772	h@GO0043229	4	0.7941	0.8588	0.5618	0.6699
v@IPR006928	h@GO0043229	4	0.7056	0.7075	0.5504	0.5519
v@IPR007619	h@GO0043229	7	0.7946	0.8362	0.5875	0.6522
v@IPR007706	h@GO0043229	14	0.8496	0.9175	0.5942	0.7157
v@IPR010881	h@GO0043229	10	0.7845	0.795	0.5984	0.6201
v@IPR013672	h@GO0043229	3	0.7706	0.78	0.6011	0.6084
v@IPR020124	h@GO0043229	12	0.8553	0.973	0.4564	0.7589
v@IPR020726	h@GO0043229	8	0.7661	0.7877	0.5548	0.6144
v@IPR026298	h@GO0043229	13	0.7713	0.7877	0.5914	0.6144
v@IPR027417	h@GO0043229	14	0.7277	0.7573	0.5676	0.5907
v@IPR034702	h@GO0043229	1	0.7075	0.7075	0.5519	0.5519
v@GO0000988	h@GO0044237	7	0.7283	0.7398	0.3856	0.4103
v@GO0001071	h@GO0044237	22	0.7408	0.7624	0.4048	0.4228
v@GO0019042	h@GO0044237	11	0.7263	0.7329	0.3954	0.4065
v@GO0019079	h@GO0044237	14	0.7536	0.8136	0.406	0.4512
v@GO0019083	h@GO0044237	15	0.7379	0.75	0.4006	0.4159
v@GO0019222	h@GO0044237	25	0.7289	0.7657	0.4011	0.4247
v@GO0043900	h@GO0044237	2	0.8869	0.8929	0.4629	0.4952
v@GO0044094	h@GO0044237	29	0.7401	0.8197	0.406	0.4546
v@GO0048518	h@GO0044237	11	0.7274	0.7624	0.4034	0.4228
v@GO0097159	h@GO0044237	21	0.7486	0.8197	0.4152	0.4546
v@GO1901363	h@GO0044237	21	0.7486	0.8197	0.4152	0.4546
v@IPR000427	h@GO0044237	15	0.7195	0.7391	0.3904	0.4099
v@IPR004186	h@GO0044237	15	0.7195	0.7391	0.3904	0.4099
v@IPR005030	h@GO0044237	9	0.7322	0.7435	0.3917	0.4124
v@IPR007706	h@GO0044237	2	0.717	0.7264	0.3788	0.4029
v@IPR010881	h@GO0044237	11	0.7263	0.7329	0.3954	0.4065
v@IPR020124	h@GO0044237	11	0.7715	0.8108	0.3481	0.4497
v@GO0000988	h@GO0044238	6	0.7305	0.7439	0.383	0.4058
v@GO0001071	h@GO0044238	22	0.7409	0.7673	0.3981	0.4186
v@GO0019042	h@GO0044238	10	0.7358	0.7453	0.397	0.4066
v@GO0019079	h@GO0044238	13	0.7444	0.7966	0.396	0.4345
v@GO0019083	h@GO0044238	15	0.7404	0.7556	0.395	0.4121
v@GO0019222	h@GO0044238	28	0.7304	0.7672	0.3969	0.4185
v@GO0044094	h@GO0044238	29	0.7578	0.8306	0.4088	0.4531
v@GO0048518	h@GO0044238	14	0.7244	0.7673	0.3937	0.4186
v@GO0065009	h@GO0044238	15	0.7335	0.772	0.4001	0.4211
v@IPR000427	h@GO0044238	14	0.7298	0.7516	0.3914	0.41
v@IPR004186	h@GO0044238	14	0.7298	0.7516	0.3914	0.41
v@IPR005030	h@GO0044238	8	0.7347	0.7472	0.3891	0.4076
v@IPR010881	h@GO0044238	10	0.7358	0.7453	0.397	0.4066
v@IPR020124	h@GO0044238	10	0.7736	0.8176	0.3381	0.446
v@GO0032879	h@GO0044425	17	0.7349	0.7438	0.2611	0.2645
v@IPR002475	h@GO0044425	10	0.73	0.7534	0.2592	0.268
v@IPR010677	h@GO0044425	2	0.7353	0.7426	0.2592	0.2641
v@IPR020726	h@GO0044425	6	0.7441	0.7534	0.2639	0.268
v@GO0000988	h@GO0044444	4	0.7924	0.8186	0.5566	0.5931
v@GO0002682	h@GO0044444	23	0.7533	0.8055	0.5458	0.5836
v@GO0009605	h@GO0044444	18	0.7517	0.8061	0.5447	0.5841
v@GO0009607	h@GO0044444	18	0.7517	0.8061	0.5447	0.5841
v@GO0016020	h@GO0044444	22	0.7612	0.8118	0.5516	0.5882
v@GO0019042	h@GO0044444	13	0.8097	0.8471	0.5433	0.6138
v@GO0019048	h@GO0044444	20	0.7595	0.8471	0.5503	0.6138
v@GO0019222	h@GO0044444	13	0.7574	0.8471	0.5488	0.6138
v@GO0023051	h@GO0044444	17	0.7558	0.8082	0.5476	0.5856
v@GO0032879	h@GO0044444	20	0.7923	0.8126	0.5548	0.5888
v@GO0033644	h@GO0044444	23	0.7686	0.8126	0.5569	0.5888
v@GO0033655	h@GO0044444	26	0.7838	0.8544	0.5679	0.6191
v@GO0044094	h@GO0044444	25	0.7449	0.8304	0.5398	0.6017
v@GO0044217	h@GO0044444	23	0.7686	0.8126	0.5569	0.5888
v@GO0044419	h@GO0044444	26	0.7609	0.8471	0.5514	0.6138
v@GO0044425	h@GO0044444	22	0.7629	0.8107	0.5528	0.5874
v@GO0048519	h@GO0044444	24	0.7596	0.8082	0.5504	0.5856
v@GO0048583	h@GO0044444	27	0.7592	0.8082	0.5501	0.5856
v@GO0050690	h@GO0044444	18	0.7517	0.8061	0.5447	0.5841
v@GO0050794	h@GO0044444	15	0.7516	0.8471	0.5446	0.6138
v@GO0051707	h@GO0044444	18	0.7517	0.8061	0.5447	0.5841
v@GO0065009	h@GO0044444	18	0.7637	0.8471	0.5534	0.6138
v@IPR000427	h@GO0044444	12	0.7393	0.7431	0.5302	0.5384
v@IPR001889	h@GO0044444	3	0.7572	0.7822	0.5486	0.5668
v@IPR002475	h@GO0044444	12	0.783	0.8082	0.543	0.5856
v@IPR004186	h@GO0044444	12	0.7393	0.7431	0.5302	0.5384
v@IPR004289	h@GO0044444	3	0.7567	0.8239	0.5052	0.597
v@IPR004290	h@GO0044444	3	0.7783	0.84	0.5194	0.6087
v@IPR005030	h@GO0044444	7	0.7943	0.8186	0.5566	0.5931
v@IPR006772	h@GO0044444	4	0.7868	0.8647	0.5117	0.6266
v@IPR007619	h@GO0044444	8	0.795	0.8544	0.5275	0.6191
v@IPR007706	h@GO0044444	1	0.7358	0.7358	0.5332	0.5332
v@IPR010077	h@GO0044444	2	0.8445	0.8539	0.612	0.6188
v@IPR010677	h@GO0044444	1	0.7721	0.7721	0.5594	0.5594
v@IPR010881	h@GO0044444	13	0.8097	0.8471	0.5433	0.6138
v@IPR010918	h@GO0044444	2	0.8445	0.8539	0.612	0.6188
v@IPR013672	h@GO0044444	3	0.7675	0.79	0.5562	0.5724
v@IPR016188	h@GO0044444	2	0.8445	0.8539	0.612	0.6188
v@IPR020124	h@GO0044444	11	0.7598	0.8311	0.3677	0.6022
v@IPR020726	h@GO0044444	8	0.7791	0.8082	0.5276	0.5856
v@IPR024346	h@GO0044444	2	0.8445	0.8539	0.612	0.6188
v@IPR026298	h@GO0044444	14	0.7833	0.8082	0.5469	0.5856
v@IPR029062	h@GO0044444	2	0.8445	0.8539	0.612	0.6188
v@GO0000988	h@GO0044446	5	0.8013	0.813	0.557	0.5834
v@GO0001071	h@GO0044446	21	0.8078	0.8267	0.5667	0.5932
v@GO0002682	h@GO0044446	35	0.7604	0.8513	0.5433	0.6108
v@GO0006807	h@GO0044446	25	0.7576	0.8866	0.5404	0.6362
v@GO0009058	h@GO0044446	24	0.7684	0.8866	0.5479	0.6362
v@GO0009605	h@GO0044446	29	0.7592	0.8481	0.5434	0.6086
v@GO0009607	h@GO0044446	29	0.7592	0.8481	0.5434	0.6086
v@GO0019042	h@GO0044446	11	0.7816	0.7962	0.5324	0.5713
v@GO0019048	h@GO0044446	34	0.7644	0.8438	0.5485	0.6055
v@GO0019079	h@GO0044446	11	0.7881	0.8136	0.5578	0.5838
v@GO0019083	h@GO0044446	13	0.7999	0.8101	0.5671	0.5813
v@GO0019222	h@GO0044446	36	0.7851	0.8866	0.561	0.6362
v@GO0023051	h@GO0044446	19	0.7697	0.8905	0.5523	0.639
v@GO0030430	h@GO0044446	33	0.7868	0.9006	0.5645	0.6462
v@GO0032879	h@GO0044446	18	0.7386	0.7472	0.5229	0.5362
v@GO0033647	h@GO0044446	29	0.7663	0.8234	0.5498	0.5908
v@GO0043900	h@GO0044446	3	0.8889	0.8929	0.604	0.6407
v@GO0044094	h@GO0044446	27	0.8207	0.9006	0.5856	0.6462
v@GO0044237	h@GO0044446	25	0.7592	0.8866	0.5415	0.6362
v@GO0044238	h@GO0044446	25	0.7576	0.8866	0.5404	0.6362
v@GO0044419	h@GO0044446	32	0.7669	0.8269	0.5503	0.5934
v@GO0048518	h@GO0044446	24	0.771	0.8267	0.5496	0.5932
v@GO0048519	h@GO0044446	36	0.7526	0.85	0.54	0.6099
v@GO0048583	h@GO0044446	36	0.7537	0.8513	0.5397	0.6108
v@GO0050690	h@GO0044446	29	0.7592	0.8481	0.5434	0.6086
v@GO0050794	h@GO0044446	33	0.7757	0.8866	0.5541	0.6362
v@GO0051707	h@GO0044446	29	0.7592	0.8481	0.5434	0.6086
v@GO0065009	h@GO0044446	36	0.7696	0.8314	0.5499	0.5965
v@GO0071704	h@GO0044446	25	0.7576	0.8866	0.5404	0.6362
v@GO0097159	h@GO0044446	28	0.7877	0.8798	0.5623	0.6313
v@GO1901363	h@GO0044446	28	0.7877	0.8798	0.5623	0.6313
v@IPR000427	h@GO0044446	13	0.8215	0.8323	0.5825	0.5972
v@IPR002475	h@GO0044446	9	0.7089	0.7161	0.5087	0.5139
v@IPR004186	h@GO0044446	13	0.8215	0.8323	0.5825	0.5972
v@IPR004289	h@GO0044446	1	0.723	0.723	0.5188	0.5188
v@IPR004290	h@GO0044446	1	0.74	0.74	0.531	0.531
v@IPR005030	h@GO0044446	7	0.8172	0.8413	0.573	0.6037
v@IPR006772	h@GO0044446	3	0.7333	0.7647	0.4833	0.5487
v@IPR006928	h@GO0044446	4	0.7337	0.7358	0.5264	0.528
v@IPR007619	h@GO0044446	7	0.7612	0.7966	0.5217	0.5716
v@IPR007706	h@GO0044446	11	0.8609	0.8866	0.5948	0.6362
v@IPR010881	h@GO0044446	11	0.7816	0.7962	0.5324	0.5713
v@IPR020124	h@GO0044446	12	0.8086	0.9054	0.3928	0.6497
v@IPR020726	h@GO0044446	5	0.7106	0.7123	0.5099	0.5111
v@IPR026298	h@GO0044446	11	0.7088	0.7161	0.5086	0.5139
v@IPR034702	h@GO0044446	1	0.7358	0.7358	0.528	0.528
v@GO0019042	h@GO0044763	12	0.7592	0.7771	0.4326	0.4715
v@IPR002475	h@GO0044763	9	0.7129	0.7178	0.4325	0.4355
v@IPR004289	h@GO0044763	1	0.7019	0.7019	0.4259	0.4259
v@IPR007619	h@GO0044763	4	0.7342	0.7345	0.4455	0.4456
v@IPR007706	h@GO0044763	3	0.7421	0.7736	0.4063	0.4694
v@IPR010677	h@GO0044763	1	0.7206	0.7206	0.4372	0.4372
v@IPR010881	h@GO0044763	12	0.7592	0.7771	0.4326	0.4715
v@IPR020726	h@GO0044763	5	0.7076	0.7161	0.4293	0.4345
v@IPR026298	h@GO0044763	11	0.7145	0.7259	0.4335	0.4405
v@GO0019042	h@GO0048518	2	0.7019	0.7019	0.3092	0.312
v@IPR010881	h@GO0048518	2	0.7019	0.7019	0.3092	0.312
v@GO0001071	h@GO0050794	20	0.7351	0.7571	0.4708	0.4919
v@GO0019042	h@GO0050794	12	0.7544	0.7764	0.4518	0.5044
v@GO0019079	h@GO0050794	11	0.773	0.8136	0.49	0.5285
v@GO0048518	h@GO0050794	22	0.7224	0.7475	0.4693	0.4856
v@IPR000427	h@GO0050794	1	0.7081	0.7081	0.46	0.46
v@IPR004186	h@GO0050794	1	0.7081	0.7081	0.46	0.46
v@IPR007706	h@GO0050794	12	0.7796	0.8041	0.4742	0.5224
v@IPR010881	h@GO0050794	12	0.7544	0.7764	0.4518	0.5044
v@GO0000988	h@GO0071704	6	0.7305	0.7439	0.3978	0.4244
v@GO0001071	h@GO0071704	23	0.7618	0.7871	0.4242	0.449
v@GO0019042	h@GO0071704	10	0.7485	0.7578	0.421	0.4323
v@GO0019079	h@GO0071704	13	0.7638	0.822	0.4237	0.469
v@GO0019083	h@GO0071704	15	0.743	0.7583	0.4134	0.4326
v@GO0019222	h@GO0071704	32	0.7358	0.776	0.4179	0.4427
v@GO0044094	h@GO0071704	29	0.7623	0.8306	0.4294	0.4738
v@GO0048518	h@GO0071704	23	0.7266	0.7871	0.4131	0.449
v@GO0065009	h@GO0071704	24	0.7322	0.7767	0.4164	0.4431
v@GO0097159	h@GO0071704	20	0.7629	0.8306	0.4352	0.4738
v@GO1901363	h@GO0071704	20	0.7629	0.8306	0.4352	0.4738
v@IPR000427	h@GO0071704	15	0.7468	0.7702	0.4155	0.4394
v@IPR004186	h@GO0071704	15	0.7468	0.7702	0.4155	0.4394
v@IPR005030	h@GO0071704	8	0.7347	0.7472	0.4049	0.4263
v@IPR007706	h@GO0071704	3	0.7138	0.7264	0.3754	0.4144
v@IPR010881	h@GO0071704	10	0.7485	0.7578	0.421	0.4323
v@IPR020124	h@GO0071704	10	0.7736	0.8176	0.35	0.4664
v@GO0044094	h@GO0097159	19	0.7634	0.924	0.3352	0.4057
v@IPR005030	h@GO0097159	7	0.7143	0.7435	0.305	0.3264
v@IPR020124	h@GO0097159	12	0.8209	0.9459	0.2704	0.4153
v@GO0044094	h@GO1901363	19	0.7634	0.924	0.3333	0.4034
v@IPR005030	h@GO1901363	7	0.7143	0.7435	0.3032	0.3246
v@IPR020124	h@GO1901363	12	0.8209	0.9459	0.2688	0.413
h@GO0000988	v@GO0033647	1	0.7578	0.7578	0.3737	0.3737
h@GO0019899	v@GO0033647	1	0.7578	0.7578	0.3737	0.3737
h@GO0003682	v@GO0033647	2	0.7115	0.7197	0.3508	0.3549
h@GO0043228	v@GO0033647	3	0.763	0.8642	0.3762	0.4261
h@GO0044877	v@GO0033647	1	0.7034	0.7034	0.3468	0.3468
h@GO0005198	v@GO0019222	3	0.763	0.7884	0.1872	0.1935
h@GO0005622	v@GO0019222	2	0.7769	0.8144	0.1906	0.1998
h@GO0005198	v@GO0033647	20	0.7575	0.8631	0.3735	0.4256
h@GO0005622	v@GO0033647	5	0.773	0.8683	0.3811	0.4281
h@GO0005198	v@GO0050794	5	0.7543	0.8133	0.2506	0.2701
h@GO0005622	v@GO0050794	2	0.7822	0.8204	0.2598	0.2725
h@GO0006807	v@GO0033647	1	0.7177	0.7177	0.3539	0.3539
h@GO0009056	v@GO0019222	3	0.7493	0.7848	0.1839	0.1926
h@GO0009056	v@GO0033647	8	0.7558	0.8608	0.3727	0.4244
h@GO0009056	v@GO0050794	3	0.7711	0.8059	0.2561	0.2677
h@GO0009058	v@GO0033647	6	0.7538	0.8692	0.3717	0.4286
h@GO0009058	v@GO0050794	2	0.768	0.8143	0.2551	0.2705
h@GO0019222	v@GO0033647	2	0.7215	0.7394	0.3558	0.3646
h@GO0030054	v@GO0033647	5	0.7866	0.9149	0.3879	0.4511
h@GO0030529	v@GO0033647	15	0.7629	0.8714	0.3762	0.4296
h@GO0030529	v@GO0050794	8	0.7347	0.8174	0.244	0.2715
h@GO0033036	v@GO0033647	4	0.7572	0.8062	0.3734	0.3975
h@GO0043230	v@GO0033647	3	0.8128	0.9452	0.4008	0.4661
h@GO0044237	v@GO0033647	1	0.723	0.723	0.3565	0.3565
h@GO0044238	v@GO0033647	1	0.7177	0.7177	0.3539	0.3539
h@GO0044421	v@GO0033647	3	0.8114	0.9474	0.4001	0.4671
h@GO0048519	v@GO0033647	3	0.7682	0.8745	0.3788	0.4312
h@GO0051234	v@GO0033647	4	0.75	0.8314	0.3698	0.4099
h@GO0051641	v@GO0033647	5	0.743	0.8037	0.3663	0.3963
h@GO0071704	v@GO0033647	1	0.7199	0.7199	0.355	0.355
h@GO0097159	v@GO0033647	2	0.8067	0.8496	0.3978	0.4189
h@GO1901363	v@GO0033647	2	0.8067	0.8496	0.3978	0.4189
h@GO0005737	v@GO0019222	1	0.8099	0.8099	0.1987	0.1987
h@GO0005737	v@GO0033647	1	0.8843	0.8843	0.436	0.436
h@GO0005737	v@GO0050794	1	0.8264	0.8264	0.2745	0.2745
v@GO0002682	h@GO0006807	7	0.75	0.7844	0.3945	0.4125
v@GO0006807	h@GO0006807	6	0.7282	0.7523	0.383	0.3957
v@GO0009058	h@GO0006807	11	0.7264	0.7857	0.382	0.4132
v@GO0009605	h@GO0006807	7	0.7484	0.7815	0.3936	0.411
v@GO0009607	h@GO0006807	7	0.7484	0.7815	0.3936	0.411
v@GO0019048	h@GO0006807	12	0.7281	0.7628	0.383	0.4012
v@GO0033647	h@GO0006807	5	0.7283	0.7634	0.3831	0.4015
v@GO0044237	h@GO0006807	6	0.7391	0.7966	0.3887	0.419
v@GO0044238	h@GO0006807	6	0.7282	0.7523	0.383	0.3957
v@GO0044419	h@GO0006807	13	0.7236	0.7524	0.3806	0.3957
v@GO0048519	h@GO0006807	10	0.7429	0.7833	0.3907	0.412
v@GO0048583	h@GO0006807	7	0.7496	0.7844	0.3943	0.4125
v@GO0050690	h@GO0006807	7	0.7484	0.7815	0.3936	0.411
v@GO0051707	h@GO0006807	7	0.7484	0.7815	0.3936	0.411
v@GO0071704	h@GO0006807	6	0.7282	0.7523	0.383	0.3957
v@GO0030430	h@GO0006807	17	0.7627	0.7953	0.4012	0.4183
v@GO0097159	h@GO0006807	17	0.7604	0.8197	0.3999	0.4311
v@GO1901363	h@GO0006807	17	0.7604	0.8197	0.3999	0.4311
v@GO0050794	h@GO0006807	11	0.7298	0.7493	0.3839	0.3941
v@GO0033655	h@GO0006807	3	0.7203	0.7261	0.3788	0.3819
v@GO0019046	h@GO0006807	2	0.7157	0.7196	0.3764	0.3785
v@GO0023051	h@GO0006807	5	0.7652	0.7903	0.4024	0.4157
v@GO0043167	h@GO0006807	1	0.7232	0.7232	0.3803	0.3803
h@GO0006955	v@GO0033647	1	0.725	0.725	0.3575	0.3575
h@GO0031090	v@GO0033647	1	0.725	0.725	0.3575	0.3575
h@GO0030529	v@GO0019222	3	0.7504	0.7967	0.1841	0.1955
h@GO0009058	v@GO0019222	1	0.7932	0.7932	0.1946	0.1946
h@GO0016020	v@GO0019222	1	0.804	0.804	0.1973	0.1973
h@GO0016020	v@GO0033647	2	0.8093	0.8844	0.399	0.4361
h@GO0016020	v@GO0050794	1	0.8392	0.8392	0.2787	0.2787
v@GO0002682	h@GO0016020	6	0.8476	0.8748	0.5026	0.5188
v@GO0016020	h@GO0016020	17	0.7957	0.9018	0.4719	0.5348
v@GO0009605	h@GO0016020	6	0.8354	0.8764	0.4954	0.5197
v@GO0009607	h@GO0016020	6	0.8354	0.8764	0.4954	0.5197
v@GO0019048	h@GO0016020	6	0.7962	0.8771	0.4722	0.5202
v@GO0023051	h@GO0016020	8	0.8634	0.9452	0.512	0.5605
v@GO0033647	h@GO0016020	9	0.7945	0.9088	0.4712	0.5389
v@GO0044419	h@GO0016020	9	0.8299	0.9452	0.4921	0.5605
v@GO0048519	h@GO0016020	10	0.869	0.9452	0.5154	0.5605
v@GO0050690	h@GO0016020	6	0.8354	0.8764	0.4954	0.5197
v@GO0050794	h@GO0016020	5	0.7469	0.7774	0.4429	0.461
v@GO0051707	h@GO0016020	6	0.8354	0.8764	0.4954	0.5197
v@GO0019033	h@GO0016020	1	0.8418	0.8418	0.4992	0.4992
v@GO0030430	h@GO0016020	1	0.8418	0.8418	0.4992	0.4992
h@GO0030054	v@GO0019222	2	0.7841	0.8156	0.1924	0.2001
h@GO0030054	v@GO0050794	2	0.8176	0.8511	0.2716	0.2827
h@GO0043227	v@GO0019222	1	0.7339	0.7339	0.1801	0.1801
h@GO0043227	v@GO0033647	1	0.824	0.824	0.4063	0.4063
h@GO0043227	v@GO0050794	1	0.7639	0.7639	0.2538	0.2538
h@GO0043228	v@GO0019222	1	0.7901	0.7901	0.1939	0.1939
h@GO0043228	v@GO0050794	1	0.8107	0.8107	0.2693	0.2693
h@GO0043230	v@GO0019222	1	0.8425	0.8425	0.2067	0.2067
h@GO0043230	v@GO0050794	2	0.7938	0.8767	0.2637	0.2912
h@GO0044421	v@GO0019222	1	0.8487	0.8487	0.2083	0.2083
h@GO0044421	v@GO0050794	2	0.7921	0.8816	0.2631	0.2928
h@GO0044444	v@GO0019222	1	0.7702	0.7702	0.189	0.189
h@GO0044444	v@GO0033647	1	0.8427	0.8427	0.4155	0.4155
h@GO0044444	v@GO0050794	1	0.7944	0.7944	0.2639	0.2639
h@GO0048519	v@GO0019222	1	0.7992	0.7992	0.1961	0.1961
h@GO0048519	v@GO0050794	1	0.8201	0.8201	0.2724	0.2724
h@GO0050794	v@GO0033647	2	0.7415	0.783	0.3656	0.3861
h@GO0050794	v@GO0050794	1	0.7264	0.7264	0.2413	0.2413
h@GO0051234	v@GO0019222	1	0.7529	0.7529	0.1848	0.1848
h@GO0051234	v@GO0050794	1	0.7804	0.7804	0.2592	0.2592
h@GO0097159	v@GO0019222	1	0.7683	0.7683	0.1885	0.1885
h@GO0097159	v@GO0050794	1	0.7927	0.7927	0.2633	0.2633
h@GO1901363	v@GO0019222	1	0.7683	0.7683	0.1885	0.1885
h@GO1901363	v@GO0050794	1	0.7927	0.7927	0.2633	0.2633
h@IPR000504	v@GO0033647	4	0.7108	0.7308	0.3505	0.3603
v@GO0002682	h@GO0019222	6	0.722	0.7425	0.3509	0.3609
v@GO0006807	h@GO0019222	2	0.7553	0.7629	0.3671	0.3708
v@GO0009058	h@GO0019222	4	0.7407	0.7629	0.36	0.3708
v@GO0009605	h@GO0019222	6	0.7198	0.7425	0.3498	0.3609
v@GO0009607	h@GO0019222	6	0.7198	0.7425	0.3498	0.3609
v@GO0019048	h@GO0019222	4	0.7309	0.7487	0.3552	0.3639
v@GO0033647	h@GO0019222	1	0.7545	0.7545	0.3667	0.3667
v@GO0044237	h@GO0019222	3	0.7549	0.7629	0.3669	0.3708
v@GO0044238	h@GO0019222	2	0.7553	0.7629	0.3671	0.3708
v@GO0044419	h@GO0019222	3	0.7431	0.7571	0.3612	0.368
v@GO0048518	h@GO0019222	5	0.719	0.7624	0.3495	0.3705
v@GO0048519	h@GO0019222	6	0.7258	0.766	0.3527	0.3723
v@GO0048583	h@GO0019222	6	0.7226	0.7425	0.3512	0.3609
v@GO0050690	h@GO0019222	6	0.7198	0.7425	0.3498	0.3609
v@GO0051707	h@GO0019222	6	0.7198	0.7425	0.3498	0.3609
v@GO0065009	h@GO0019222	5	0.7256	0.7378	0.3526	0.3586
v@GO0071704	h@GO0019222	2	0.7553	0.7629	0.3671	0.3708
v@GO0030430	h@GO0019222	8	0.708	0.7251	0.3441	0.3524
v@GO0097159	h@GO0019222	14	0.7104	0.7453	0.3453	0.3622
v@GO1901363	h@GO0019222	14	0.7104	0.7453	0.3453	0.3622
v@GO0019079	h@GO0019222	4	0.7465	0.7542	0.3628	0.3666
v@GO0044094	h@GO0019222	5	0.7199	0.7322	0.3499	0.3559
v@GO0019222	h@GO0019222	4	0.7231	0.7629	0.3514	0.3708
v@GO0023051	h@GO0019222	3	0.7103	0.7114	0.3452	0.3458
v@GO0050794	h@GO0019222	3	0.7272	0.7629	0.3534	0.3708
h@GO0033036	v@GO0050794	1	0.7169	0.7169	0.2381	0.2381
h@GO0044767	v@GO0033647	1	0.7174	0.7174	0.3537	0.3537
h@GO0051641	v@GO0050794	1	0.7082	0.7082	0.2352	0.2352
h@GO0032991	v@GO0033647	2	0.7114	0.7143	0.3508	0.3522
h@GO0033218	v@GO0033647	4	0.7085	0.7143	0.3493	0.3522
v@GO0044094	h@GO0032991	9	0.7507	0.8538	0.3463	0.3939
v@GO0019048	h@GO0032991	1	0.7057	0.7057	0.3255	0.3255
v@GO0019083	h@GO0032991	1	0.7046	0.7046	0.325	0.325
v@GO0019222	h@GO0032991	1	0.7047	0.7047	0.3251	0.3251
v@GO0023051	h@GO0032991	3	0.7889	0.7903	0.3639	0.3646
v@GO0030430	h@GO0032991	2	0.8199	0.8538	0.3782	0.3939
v@GO0097159	h@GO0032991	2	0.8132	0.8361	0.3751	0.3857
v@GO1901363	h@GO0032991	2	0.8132	0.8361	0.3751	0.3857
v@GO0044419	h@GO0032991	2	0.7037	0.7046	0.3246	0.325
v@GO0050794	h@GO0032991	1	0.7078	0.7078	0.3265	0.3265
h@GO1902578	v@GO0033647	1	0.7103	0.7103	0.3502	0.3502
v@GO0044763	h@GO0043227	1	0.7048	0.7048	0.57	0.57
v@IPR001889	h@GO0043227	2	0.7327	0.7327	0.5926	0.5926
v@IPR027417	h@GO0043227	1	0.7184	0.7184	0.5811	0.5811
v@GO0023051	h@GO0043228	1	0.7164	0.7164	0.1965	0.1965
v@GO0030430	h@GO0043228	2	0.7471	0.7778	0.2049	0.2134
v@GO0044094	h@GO0043228	1	0.7778	0.7778	0.2134	0.2134
v@GO0003824	h@GO0043229	17	0.7174	0.7778	0.5596	0.6067
v@GO0016043	h@GO0043229	3	0.7405	0.8021	0.5776	0.6256
v@GO0036094	h@GO0043229	5	0.7243	0.7389	0.5649	0.5763
v@GO0044710	h@GO0043229	2	0.729	0.7357	0.5686	0.5739
v@GO0044763	h@GO0043229	7	0.7172	0.7429	0.5594	0.5794
v@GO0046794	h@GO0043229	1	0.7212	0.7212	0.5625	0.5625
v@GO1902579	h@GO0043229	1	0.7212	0.7212	0.5625	0.5625
v@GO0002682	h@GO0044237	7	0.738	0.7844	0.4093	0.435
v@GO0006807	h@GO0044237	7	0.7299	0.75	0.4048	0.4159
v@GO0009058	h@GO0044237	13	0.7274	0.8036	0.4034	0.4457
v@GO0009605	h@GO0044237	7	0.7358	0.7815	0.4081	0.4334
v@GO0009607	h@GO0044237	7	0.7358	0.7815	0.4081	0.4334
v@GO0019048	h@GO0044237	11	0.7254	0.7568	0.4023	0.4197
v@GO0033647	h@GO0044237	6	0.7287	0.7589	0.4041	0.4209
v@GO0044237	h@GO0044237	7	0.7397	0.8136	0.4102	0.4512
v@GO0044238	h@GO0044237	7	0.7299	0.75	0.4048	0.4159
v@GO0044419	h@GO0044237	12	0.7262	0.7476	0.4028	0.4146
v@GO0048519	h@GO0044237	8	0.7394	0.7833	0.4101	0.4344
v@GO0048583	h@GO0044237	7	0.7377	0.7844	0.4091	0.435
v@GO0050690	h@GO0044237	7	0.7358	0.7815	0.4081	0.4334
v@GO0051707	h@GO0044237	7	0.7358	0.7815	0.4081	0.4334
v@GO0065009	h@GO0044237	10	0.7325	0.7672	0.4063	0.4255
v@GO0071704	h@GO0044237	7	0.7299	0.75	0.4048	0.4159
v@GO0030430	h@GO0044237	18	0.7601	0.7895	0.4215	0.4378
v@GO0050794	h@GO0044237	15	0.7289	0.7546	0.4043	0.4185
v@GO0033655	h@GO0044237	3	0.7203	0.7261	0.3995	0.4027
v@GO0019046	h@GO0044237	4	0.7352	0.757	0.4077	0.4198
v@GO0043167	h@GO0044237	2	0.7156	0.7288	0.3969	0.4042
v@GO0023051	h@GO0044237	4	0.7683	0.7849	0.4261	0.4353
v@GO0002682	h@GO0044238	9	0.74	0.7844	0.4037	0.4279
v@GO0006807	h@GO0044238	7	0.7323	0.7478	0.3995	0.4079
v@GO0009058	h@GO0044238	18	0.7233	0.7857	0.3945	0.4286
v@GO0009605	h@GO0044238	8	0.7429	0.7815	0.4053	0.4263
v@GO0009607	h@GO0044238	8	0.7429	0.7815	0.4053	0.4263
v@GO0019048	h@GO0044238	12	0.733	0.7808	0.3998	0.4259
v@GO0033647	h@GO0044238	6	0.7249	0.7589	0.3954	0.414
v@GO0044237	h@GO0044238	7	0.7419	0.7966	0.4047	0.4345
v@GO0044238	h@GO0044238	7	0.7323	0.7478	0.3995	0.4079
v@GO0044419	h@GO0044238	14	0.7298	0.7605	0.3981	0.4148
v@GO0048519	h@GO0044238	10	0.7433	0.7833	0.4055	0.4273
v@GO0048583	h@GO0044238	9	0.7396	0.7844	0.4035	0.4279
v@GO0050690	h@GO0044238	8	0.7429	0.7815	0.4053	0.4263
v@GO0051707	h@GO0044238	8	0.7429	0.7815	0.4053	0.4263
v@GO0071704	h@GO0044238	7	0.7323	0.7478	0.3995	0.4079
v@GO0030430	h@GO0044238	18	0.7624	0.7953	0.4159	0.4338
v@GO0097159	h@GO0044238	17	0.7628	0.8306	0.4161	0.4531
v@GO1901363	h@GO0044238	17	0.7628	0.8306	0.4161	0.4531
v@GO0050794	h@GO0044238	15	0.73	0.7696	0.3982	0.4198
v@GO0033655	h@GO0044238	3	0.7307	0.7389	0.3986	0.403
v@GO0019046	h@GO0044238	2	0.7157	0.7196	0.3904	0.3926
v@GO0023051	h@GO0044238	5	0.7682	0.7903	0.4191	0.4311
v@GO0043167	h@GO0044238	1	0.7345	0.7345	0.4006	0.4006
v@GO0002682	h@GO0044425	2	0.7326	0.7327	0.2605	0.2606
v@GO0033655	h@GO0044425	10	0.7283	0.7423	0.259	0.264
v@GO0009605	h@GO0044425	2	0.7271	0.7338	0.2586	0.261
v@GO0009607	h@GO0044425	2	0.7271	0.7338	0.2586	0.261
v@GO0016020	h@GO0044425	3	0.7187	0.7414	0.2556	0.2637
v@GO0048583	h@GO0044425	8	0.7315	0.7534	0.2601	0.268
v@IPR026298	h@GO0044425	10	0.73	0.7534	0.2596	0.268
v@GO0019048	h@GO0044425	1	0.7353	0.7353	0.2615	0.2615
v@GO0023051	h@GO0044425	3	0.7534	0.7534	0.268	0.268
v@GO0033644	h@GO0044425	5	0.723	0.7438	0.2571	0.2645
v@GO0033647	h@GO0044425	3	0.727	0.7281	0.2586	0.259
v@GO0044217	h@GO0044425	5	0.723	0.7438	0.2571	0.2645
v@GO0044419	h@GO0044425	4	0.7355	0.7534	0.2616	0.268
v@GO0044425	h@GO0044425	2	0.7273	0.74	0.2587	0.2632
v@GO0048519	h@GO0044425	7	0.7283	0.7534	0.259	0.268
v@GO0050690	h@GO0044425	2	0.7271	0.7338	0.2586	0.261
v@GO0051707	h@GO0044425	2	0.7271	0.7338	0.2586	0.261
v@GO0001071	h@GO0044444	9	0.7402	0.75	0.5364	0.5435
v@GO0030430	h@GO0044444	20	0.7704	0.8544	0.5583	0.6191
v@GO0033647	h@GO0044444	29	0.762	0.8539	0.5521	0.6188
v@GO0097159	h@GO0044444	10	0.7321	0.7742	0.5304	0.561
v@GO1901363	h@GO0044444	10	0.7321	0.7742	0.5304	0.561
v@GO0006807	h@GO0044444	1	0.7192	0.7192	0.5211	0.5211
v@GO0009058	h@GO0044444	1	0.7225	0.7225	0.5235	0.5235
v@GO0016043	h@GO0044444	4	0.7185	0.7206	0.5206	0.5221
v@GO0019033	h@GO0044444	11	0.7724	0.8544	0.5597	0.6191
v@GO0036094	h@GO0044444	2	0.7289	0.7389	0.5282	0.5354
v@GO0044710	h@GO0044444	2	0.7193	0.7315	0.5212	0.53
v@GO0044763	h@GO0044444	7	0.7173	0.7524	0.5197	0.5452
v@GO0046794	h@GO0044444	1	0.7788	0.7788	0.5644	0.5644
v@GO0051234	h@GO0044444	1	0.7788	0.7788	0.5644	0.5644
v@GO0097367	h@GO0044444	3	0.7169	0.7436	0.5195	0.5388
v@GO1902579	h@GO0044444	1	0.7788	0.7788	0.5644	0.5644
v@IPR027417	h@GO0044444	4	0.7258	0.767	0.5259	0.5558
v@GO0019083	h@GO0044444	3	0.7799	0.8186	0.5652	0.5931
v@GO0044237	h@GO0044444	1	0.7192	0.7192	0.5211	0.5211
v@GO0044238	h@GO0044444	1	0.7192	0.7192	0.5211	0.5211
v@GO0071704	h@GO0044444	1	0.7192	0.7192	0.5211	0.5211
v@GO0016020	h@GO0044446	13	0.7141	0.7414	0.5124	0.532
v@GO0033644	h@GO0044446	14	0.7166	0.7419	0.5142	0.5323
v@GO0033655	h@GO0044446	19	0.7443	0.7962	0.5341	0.5713
v@GO0044217	h@GO0044446	14	0.7166	0.7419	0.5142	0.5323
v@GO0044425	h@GO0044446	12	0.7147	0.74	0.5129	0.531
v@GO0003824	h@GO0044446	2	0.7176	0.7197	0.5149	0.5164
v@GO0016043	h@GO0044446	1	0.7917	0.7917	0.5681	0.5681
v@GO0019033	h@GO0044446	3	0.7423	0.7911	0.5327	0.5677
v@GO0019046	h@GO0044446	4	0.7487	0.785	0.5372	0.5633
v@GO0043167	h@GO0044446	8	0.7236	0.7458	0.5192	0.5351
v@GO0016020	h@GO0044763	3	0.7168	0.7193	0.4349	0.4364
v@GO0030430	h@GO0044763	7	0.7376	0.7771	0.4475	0.4715
v@GO0065009	h@GO0044763	7	0.7354	0.7771	0.4462	0.4715
v@GO0019033	h@GO0044763	1	0.7342	0.7342	0.4455	0.4455
v@GO0019048	h@GO0044763	2	0.7771	0.7771	0.4715	0.4715
v@GO0019222	h@GO0044763	5	0.7388	0.7771	0.4482	0.4715
v@GO0033655	h@GO0044763	8	0.7331	0.7771	0.4448	0.4715
v@GO0044419	h@GO0044763	5	0.7358	0.7771	0.4464	0.4715
v@GO0050794	h@GO0044763	3	0.7524	0.7771	0.4565	0.4715
v@GO0033644	h@GO0044763	5	0.7171	0.7225	0.4351	0.4383
v@GO0044217	h@GO0044763	5	0.7171	0.7225	0.4351	0.4383
v@GO0023051	h@GO0044763	3	0.7055	0.7055	0.428	0.428
v@GO0044425	h@GO0044763	3	0.717	0.7178	0.435	0.4355
v@GO0033647	h@GO0044763	2	0.717	0.717	0.435	0.435
v@GO0048519	h@GO0044763	3	0.7083	0.7097	0.4297	0.4306
v@GO0048583	h@GO0044763	3	0.7055	0.7055	0.428	0.428
v@GO0002682	h@GO0050794	7	0.7152	0.7337	0.4646	0.4767
v@GO0006807	h@GO0050794	16	0.7263	0.8041	0.4719	0.5224
v@GO0009058	h@GO0050794	17	0.7433	0.8041	0.4829	0.5224
v@GO0009605	h@GO0050794	7	0.7133	0.7315	0.4634	0.4752
v@GO0009607	h@GO0050794	7	0.7133	0.7315	0.4634	0.4752
v@GO0019048	h@GO0050794	10	0.732	0.7707	0.4755	0.5007
v@GO0033647	h@GO0050794	5	0.7271	0.7615	0.4723	0.4947
v@GO0044237	h@GO0050794	16	0.7318	0.8136	0.4754	0.5285
v@GO0044238	h@GO0050794	16	0.7263	0.8041	0.4719	0.5224
v@GO0044419	h@GO0050794	4	0.7553	0.7707	0.4907	0.5007
v@GO0048519	h@GO0050794	7	0.7353	0.7527	0.4777	0.489
v@GO0048583	h@GO0050794	8	0.7174	0.7386	0.4661	0.4798
v@GO0050690	h@GO0050794	7	0.7133	0.7315	0.4634	0.4752
v@GO0051707	h@GO0050794	7	0.7133	0.7315	0.4634	0.4752
v@GO0065009	h@GO0050794	14	0.722	0.7707	0.4691	0.5007
v@GO0071704	h@GO0050794	16	0.7263	0.8041	0.4719	0.5224
v@GO0003824	h@GO0050794	1	0.75	0.75	0.4872	0.4872
v@GO0019222	h@GO0050794	14	0.7432	0.8041	0.4828	0.5224
v@GO0030430	h@GO0050794	12	0.728	0.7707	0.4729	0.5007
v@GO0097159	h@GO0050794	12	0.7229	0.8113	0.4697	0.5271
v@GO1901363	h@GO0050794	12	0.7229	0.8113	0.4697	0.5271
v@GO0023051	h@GO0050794	1	0.7455	0.7455	0.4843	0.4843
v@GO0016020	h@GO0050794	3	0.705	0.7076	0.458	0.4597
v@GO0019033	h@GO0050794	5	0.7227	0.7526	0.4695	0.4889
v@GO0050794	h@GO0050794	9	0.7474	0.8041	0.4855	0.5224
v@GO0033655	h@GO0050794	3	0.7633	0.7707	0.4959	0.5007
v@GO0019046	h@GO0050794	4	0.764	0.785	0.4963	0.51
v@GO0033644	h@GO0050794	3	0.7107	0.716	0.4617	0.4651
v@GO0043167	h@GO0050794	5	0.7168	0.7458	0.4656	0.4845
v@GO0044217	h@GO0050794	3	0.7107	0.716	0.4617	0.4651
v@GO0044425	h@GO0050794	2	0.707	0.7118	0.4593	0.4624
v@GO0002682	h@GO0071704	11	0.7454	0.7844	0.4252	0.4475
v@GO0006807	h@GO0071704	7	0.745	0.7752	0.425	0.4423
v@GO0009058	h@GO0071704	20	0.7357	0.8125	0.4197	0.4635
v@GO0009605	h@GO0071704	11	0.7433	0.7815	0.424	0.4458
v@GO0009607	h@GO0071704	11	0.7433	0.7815	0.424	0.4458
v@GO0019048	h@GO0071704	13	0.7443	0.7868	0.4246	0.4488
v@GO0033647	h@GO0071704	9	0.732	0.7857	0.4176	0.4482
v@GO0044237	h@GO0071704	8	0.749	0.822	0.4273	0.469
v@GO0044238	h@GO0071704	7	0.745	0.7752	0.425	0.4423
v@GO0044419	h@GO0071704	15	0.7391	0.7762	0.4216	0.4428
v@GO0048519	h@GO0071704	11	0.7525	0.7833	0.4293	0.4469
v@GO0048583	h@GO0071704	11	0.7449	0.7844	0.425	0.4475
v@GO0050690	h@GO0071704	11	0.7433	0.7815	0.424	0.4458
v@GO0051707	h@GO0071704	11	0.7433	0.7815	0.424	0.4458
v@GO0071704	h@GO0071704	7	0.745	0.7752	0.425	0.4423
v@GO0030430	h@GO0071704	18	0.7649	0.7953	0.4364	0.4537
v@GO0050794	h@GO0071704	15	0.7385	0.773	0.4213	0.441
v@GO0033655	h@GO0071704	3	0.7449	0.7516	0.4249	0.4288
v@GO0019046	h@GO0071704	2	0.7248	0.729	0.4135	0.4159
v@GO0023051	h@GO0071704	5	0.7712	0.7903	0.44	0.4509
v@GO0043167	h@GO0071704	1	0.7345	0.7345	0.419	0.419
v@GO0000988	h@GO0097159	2	0.7131	0.7131	0.3131	0.3131
v@GO0002682	h@GO0097159	4	0.741	0.7918	0.3253	0.3476
v@GO0030430	h@GO0097159	11	0.7945	0.924	0.3488	0.4057
v@GO0097159	h@GO0097159	12	0.7464	0.918	0.3277	0.403
v@GO1901363	h@GO0097159	12	0.7464	0.918	0.3277	0.403
v@GO0009605	h@GO0097159	4	0.7409	0.7889	0.3253	0.3463
v@GO0009607	h@GO0097159	4	0.7409	0.7889	0.3253	0.3463
v@GO0019048	h@GO0097159	3	0.7119	0.7119	0.3125	0.3126
v@GO0019083	h@GO0097159	1	0.7131	0.7131	0.3131	0.3131
v@GO0019222	h@GO0097159	1	0.7223	0.7223	0.3171	0.3171
v@GO0023051	h@GO0097159	4	0.8619	0.8978	0.3784	0.3942
v@GO0048519	h@GO0097159	4	0.7432	0.7667	0.3263	0.3366
v@GO0048583	h@GO0097159	4	0.7418	0.7918	0.3257	0.3476
v@GO0050690	h@GO0097159	4	0.7409	0.7889	0.3253	0.3463
v@GO0051707	h@GO0097159	4	0.7409	0.7889	0.3253	0.3463
v@GO0044419	h@GO0097159	2	0.7114	0.7131	0.3123	0.3131
v@GO0050794	h@GO0097159	1	0.7179	0.7179	0.3152	0.3152
v@GO0065009	h@GO0097159	3	0.7279	0.7469	0.3195	0.3279
v@GO0000988	h@GO1901363	2	0.7131	0.7131	0.3113	0.3113
v@GO0002682	h@GO1901363	4	0.741	0.7918	0.3235	0.3457
v@GO0030430	h@GO1901363	11	0.7945	0.924	0.3469	0.4034
v@GO0097159	h@GO1901363	12	0.7464	0.918	0.3259	0.4008
v@GO1901363	h@GO1901363	12	0.7464	0.918	0.3259	0.4008
v@GO0009605	h@GO1901363	4	0.7409	0.7889	0.3235	0.3444
v@GO0009607	h@GO1901363	4	0.7409	0.7889	0.3235	0.3444
v@GO0019048	h@GO1901363	3	0.7119	0.7119	0.3108	0.3108
v@GO0019083	h@GO1901363	1	0.7131	0.7131	0.3113	0.3113
v@GO0019222	h@GO1901363	1	0.7223	0.7223	0.3154	0.3154
v@GO0023051	h@GO1901363	4	0.8619	0.8978	0.3763	0.392
v@GO0048519	h@GO1901363	4	0.7432	0.7667	0.3245	0.3347
v@GO0048583	h@GO1901363	4	0.7418	0.7918	0.3239	0.3457
v@GO0050690	h@GO1901363	4	0.7409	0.7889	0.3235	0.3444
v@GO0051707	h@GO1901363	4	0.7409	0.7889	0.3235	0.3444
v@GO0044419	h@GO1901363	2	0.7114	0.7131	0.3106	0.3113
v@GO0050794	h@GO1901363	1	0.7179	0.7179	0.3134	0.3134
v@GO0065009	h@GO1901363	3	0.7279	0.7469	0.3178	0.3261
